3,2
3,1
3,3
10,24
10,160
10,176
10,236
10,282
10,166
10,116
10,172
11,28
11,26
11,16
11,4
11,24
9,6
8,17
8,8
8,13
85,3
85,1
82,3
82,2
82,1
82,0
81,2
81,0
45,3
45,1
44,3
44,1
42,3
42,1
39,3
39,1
37,3
37,1
35,3
35,1
33,3
33,1
28,3
28,1
25,3
25,1
20,3
20,2
20,1
19,2
17,3
19,1
17,2
19,3
17,1
12,3
12,2
12,1
11,29
11,20
11,17
11,15
11,14
11,12
11,9
11,8
11,7
11,6
11,5
11,3
11,2
11,1
10,270
10,265
10,262
10,211
10,201
10,198
10,193
10,178
10,159
10,141
10,138
10,125
10,83
10,82
10,3
10,2
10,1
9,7
9,5
9,4
9,3
9,2
9,1
8,15
8,14
8,12
8,11
8,10
8,7
8,6
8,3
8,2
18,1
8,1
18,3
7,13
7,11
7,9
7,8
7,7
7,6
